  1;   8, 9;                                    46, 58;                 46;     ; 14, 83;  Lord's Cricket Ground North
  2;   10, 20;                                        ;                   ;     ; 35, 84;  London Zoo
  3;   4, 11, 12;                               22, 23;                   ;     ; 48, 85;
  4;   3, 13;                                         ;                   ;     ; 56, 86;
  5;   15, 16;                                        ;                   ;     ; 87, 84;
  6;   7, 29;                                         ;                   ;     ; 97, 83;
  7;   6, 17;                                       42;                   ;     ;107, 82;
  8;   1, 18, 19;                                     ;                   ;     ; 10, 78;  Lord's Cricket Ground West
  9;   1, 19, 20;                                     ;                   ;     ; 18, 78;  Lord's Cricket Ground East
 10;   2, 11, 21, 34;                                 ;                   ;     ; 41, 78;  Regent's Park East
 11;   3, 10, 22;                                     ;                   ;     ; 47, 77;
 12;   3, 23;                                         ;                   ;     ; 52, 78;  Euston
 13;   4, 14, 23, 24;                       14, 23, 52;         46, 67, 89;     ; 61, 79;  King's Cross
 14;   13, 15, 25;                              13, 15;                   ;     ; 70, 80;
 15;   5, 14, 16, 26, 28;                   14, 29, 41;                   ;     ; 80, 81;
 16;   5, 15, 28, 29;                                 ;                   ;     ; 89, 78;
 17;   7, 29, 30;                                     ;                   ;     ;106, 75;
 18;   8, 31, 43;                                     ;                   ;     ;  5, 75;
 19;   8, 9, 32;                                      ;                   ;     ; 13, 74;  Lord's Cricket Ground South
 20;   2, 9, 33;                                      ;                   ;     ; 22, 76;  Regent's Park West
 21;   10, 33;                                        ;                   ;     ; 32, 72;  Queen Mary's Garden
 22;   11, 23, 34, 35;                   3, 23, 34, 65;                   ;     ; 48, 70;  Post Office Tower North
 23;   12, 13, 22, 37;                   3, 13, 22, 67;                   ;     ; 55, 74;
 24;   13, 37, 38;                                    ;                   ;     ; 66, 74;
 25;   14, 38, 39;                                    ;                   ;     ; 72, 72;
 26;   15, 27, 39;                                    ;                   ;     ; 79, 78;
 27;   26, 28, 40;                                    ;                   ;     ; 81, 73;
 28;   15, 16, 27, 41;                                ;                   ;     ; 84, 75;
 29;   6, 16, 17, 41, 42;               15, 41, 42, 55;                   ;     ; 97, 73;
 30;   17, 42;                                        ;                   ;     ;111, 74;
 31;   18, 43, 44;                                    ;                   ;     ;  9, 71;
 32;   19, 33, 44, 45;                                ;                   ;     ; 20, 68;  Marylebone North
 33;   20, 21, 32, 46;                                ;                   ;     ; 28, 69;  Planetarium North
 34;   10, 22, 47, 48;                      22, 46, 63;                   ;     ; 42, 68;  Post Office Tower West
 35;   22, 36, 48, 65;                                ;                   ;     ; 50, 66;  Post Office Tower East
 36;   35, 37, 49;                                    ;                   ;     ; 54, 65;  University of London West
 37;   23, 24, 36, 50;                                ;                   ;     ; 58, 70;
 38;   24, 25, 50, 51;                                ;                   ;     ; 69, 69;
 39;   25, 26, 51, 52;                                ;                   ;     ; 74, 70;
 40;   27, 41, 52, 53;                                ;                   ;     ; 83, 67;
 41;   28, 29, 40, 54;                  15, 29, 52, 87;                   ;     ; 86, 69;
 42;   29, 30, 56, 72;                       7, 29, 72;                   ;     ;107, 68;
 43;   18, 31, 57;                                    ;                   ;     ;  3, 67;
 44;   31, 32, 58;                                    ;                   ;     ; 15, 64;
 45;   32, 46, 58, 59, 60;                            ;                   ;     ; 23, 63;  Marylebone South
 46;   33, 45, 47, 61;                   1, 34, 58, 78;      1, 13, 74, 79;     ; 29, 65;  Planetarium South
 47;   34, 46, 62;                                    ;                   ;     ; 35, 66;  Maddam Tussaud's
 48;   34, 35, 62, 63;                                ;                   ;     ; 43, 62;  Post Office Tower South
 49;   36, 50, 66;                                    ;                   ;     ; 55, 62;  British Museum North
 50;   37, 38, 49;                                    ;                   ;     ; 61, 66;  University of London East
 51;   38, 39, 52, 67, 68;                            ;                   ;     ; 72, 65;
 52;   39, 40, 51, 69;                  14, 41, 67, 86;                   ;     ; 78, 66;
 53;   40, 54, 69;                                    ;                   ;     ; 83, 63;  Smithfield Market East
 54;   41, 53, 55, 70;                                ;                   ;     ; 88, 64;
 55;   54, 71;                                  29, 89;                   ;     ; 97, 64;
 56;   42, 91;                                        ;                   ;     ;112, 63;
 57;   43, 58, 73;                                    ;                   ;     ;  7, 62;
 58;   44, 45, 57, 59, 74, 75;           1, 46, 74, 77;                   ;     ; 18, 61;
 59;   45, 58, 75, 76;                                ;                   ;     ; 20, 58;
 60;   45, 61, 76;                                    ;                   ;     ; 24, 59;
 61;   46, 60, 62, 76, 78;                            ;                   ;     ; 31, 58;
 62;   47, 48, 61, 79;                                ;                   ;     ; 35, 59;
 63;   48, 64, 79, 80;                 34, 65, 79, 100;                   ;     ; 44, 54;
 64;   63, 65, 81;                                    ;                   ;     ; 50, 55;
 65;   35, 64, 66, 82;                  22, 63, 67, 82;                   ;     ; 55, 57;
 66;   49, 65, 67, 82;                                ;                   ;     ; 59, 58;  British Museum South
 67;   51, 66, 68, 84;             23, 52, 65, 82, 102;    13, 79, 89, 111;     ; 65, 58;
 68;   51, 67, 69, 85;                                ;                   ;     ; 73, 60;
 69;   52, 53, 68, 86;                                ;                   ;     ; 80, 60;  Smithfield Market West
 70;   54, 71, 87;                                    ;                   ;     ; 88, 59;  Guildhall West
 71;   55, 70, 72, 89;                                ;                   ;     ; 96, 59;  Guildhall East
 72;   42, 71, 90, 91;                    42, 105, 107;                   ;     ;104, 58;  Liverpool Station
 73;   57, 74, 92;                                    ;                   ;     ;  7, 58;  Paddington North
 74;   58, 73, 75, 92;                          58, 94;                 46;     ; 10, 54;  Paddington South
 75;   58, 59, 74, 94;                                ;                   ;     ; 16, 55;
 76;   59, 69, 61, 77;                                ;                   ;     ; 23, 55;
 77;   76, 78, 95, 96;                 58, 78, 94, 124;                   ;     ; 27, 52;
 78;   61, 77, 79, 97;                      46, 77, 79;                   ;     ; 32, 52;
 79;   62, 63, 78, 98;                          63, 78;    46, 67, 93, 111;     ; 37, 53;
 80;   63, 99, 100;                                   ;                   ;     ; 46, 51;
 81;   64, 82, 100;                                   ;                   ;     ; 44, 50;
 82;   65, 66, 81, 101;               65, 67, 100, 140;                   ;     ; 56, 52;
 83;   101, 102;                                      ;                   ;     ; 64, 53;
 84;   67, 85;                                        ;                   ;     ; 69, 55;
 85;   68, 84, 103;                                   ;                   ;     ; 73, 57;
 86;   69, 103, 104;                  52, 87, 102, 116;                   ;     ; 81, 53;  The Temple East
 87;   70, 88;                             41, 86, 105;                   ;     ; 89, 52;  St Paul's Cathedral
 88;   87, 89, 117;                                   ;                   ;     ; 92, 51;  Southwark Bridge North
 89;   71, 88, 105;                            55, 105;   13, 67, 140, 159;     ; 95, 54;  Bank of England
 90;   72, 91, 105;                                   ;                   ;     ;101, 54;
 91;   56, 72, 90, 105, 107;                          ;                   ;     ;109, 54;
 92;   73, 74, 93;                                    ;                   ;     ;  3, 50;
 93;   92, 94;                                      94;                 79;     ;  4, 46;  Kensington Gardens North
 94;   75, 93, 95;                          74, 77, 93;                   ;     ; 11, 48;  The Serpentine
 95;   77, 94, 122;                                   ;                   ;     ; 14, 49;  Hyde Park West
 96;   77, 97, 109;                                   ;                   ;     ; 31, 46;  Hyde Park North
 97;   78, 96, 98, 109;                               ;                   ;     ; 35, 47;
 98;   79, 97, 99, 110;                               ;                   ;     ; 39, 49;
 99;   80, 98, 110, 112;                              ;                   ;     ; 43, 48;
100;   80, 81, 101, 112, 113;              63, 82, 111;                   ;     ; 51, 46;  National Gallery
101;   82, 83, 100, 114;                              ;                   ;     ; 58, 49;
102;   83, 103, 115;                       67, 86, 127;                   ;     ; 68, 52;
103;   85, 86, 102;                                   ;                   ;     ; 74, 53;  The Temple West
104;   86, 116;                                       ;                   ;     ; 81, 50;  Blackfriars
105;   89, 90, 91, 106, 118;      72, 87, 89, 107, 118;                   ;     ; 99, 49;  London Bridge North
106;   105, 107, 108;                                 ;                   ;     ;106, 47;  Billingsgate Market
107;   91, 106, 108, 119;                 72, 105, 161;                   ;     ;111, 47;  Tower Bridge North
108;   107, 106;                                      ;                   ;115;104, 42;  Soaking in the Thames
109;   96, 97, 110, 124;                              ;                   ;     ; 36, 41;  Hyde Park East
110;   98, 99, 109, 111;                              ;                   ;     ; 41, 45;
111;   110, 112, 124;                         100, 124;   67, 79, 153, 163;     ; 44, 42;  Green Park
112;   99, 100, 111, 125;                             ;                   ;     ; 47, 42;  Burlington House
113;   100, 114, 125;                                 ;                   ;     ; 54, 43;  Admiralty Arch
114;   101, 113, 115, 126, 131, 132;                  ;                   ;     ; 59, 44;  Charing Cross West
115;   102, 114, 126, 127;                            ;                   ;157, 108; 68, 47;  Waterloo Bridge
116;   104, 117, 127, 128;           86, 118, 127, 142;                   ;     ; 81, 42;
117;   88, 116, 118, 129;                             ;                   ;     ; 90, 40;  Southwark Bridge South
118;   105, 117, 119;                    105, 116, 135;                   ;     ; 97, 42;  Southwark Cathedral
119;   107, 118, 136;                                 ;                   ;     ;109, 36;  Tower Bridge South
120;   121, 144;                                      ;                   ;     ;  3, 32;  Kensington Gardens South
121;   120, 122, 145;                                 ;                   ;     ;  7, 32;  Albert Memorial
122;   95, 121, 123, 146;                     123, 144;                   ;     ; 13, 32;  Royal Albert Hall
123;   122, 124, 137, 148, 149;     122, 124, 144, 165;                   ;     ; 26, 33;  Hyde Park South
124;   109, 111, 123, 130, 138;      77, 111, 123, 153;                   ;     ; 35, 34;  Wellington Museum
125;   112, 113, 131;                                 ;                   ;     ; 49, 40;
126;   114, 115, 127, 140;                            ;                   ;     ; 64, 42;  Charing Cross East
127;   115, 116, 126, 133, 134;          102, 116, 133;                   ;     ; 74, 40;  Royal Festival Hall
128;   116, 129, 134, 142;                            ;                   ;     ; 81, 38;
129;   117, 128, 135, 142, 143;                       ;                   ;     ; 89, 37;
130;   124, 131, 139;                                 ;                   ;     ; 47, 34;  Buckingham Palace North
131;   114, 125, 130;                                 ;                   ;     ; 51, 37;  St James Park
132;   114, 140;                                      ;                   ;     ; 59, 38;  Old Scotland Yard
133;   127, 140, 141;                    127, 140, 157;                   ;     ; 69, 33;  County Hall
134;   127, 128, 141, 142;                            ;                   ;     ; 77, 35;  Waterloo
135;   129, 136, 143, 161;               118, 159, 161;                   ;     ; 93, 34;
136;   119, 135, 162;                                 ;                   ;     ;106, 29;
137;   123, 147;                                      ;                   ;     ; 22, 28;
138;   124, 150, 152;                                 ;                   ;     ; 37, 31;  Wellington Arch
139;   130, 140, 153, 154;                            ;                   ;     ; 46, 31;  Buckingham Palace South
140;   126, 132, 133, 139, 154, 156; 82, 133, 154, 156;       89, 153, 159;     ; 59, 32;  Houses of Parliament
141;   133, 134, 142, 158;                            ;                   ;     ; 72, 31;  Archbishop's Park
142;   128, 129, 134, 141, 143, 158, 159; 116, 157, 159;                  ;     ; 81, 29;  Imperial War Museum East
143;   129, 135, 142, 159, 160;                       ;                   ;     ; 89, 30;
144;   120, 145, 177;                    122, 123, 163;                   ;     ;  4, 23;
145;   121, 144, 146;                                 ;                   ;     ;  8, 23;  Natural History Museum West
146;   122, 145, 147, 163;                            ;                   ;     ; 14, 23;  Natural History Museum East
147;   137, 146, 164;                                 ;                   ;     ; 18, 24;  Victoria and Albert Museum
148;   123, 149, 164;                                 ;                   ;     ; 24, 25;
149;   123, 148, 150, 165;                            ;                   ;     ; 28, 26;
150;   138, 149, 151;                                 ;                   ;     ; 34, 28;
151;   150, 152, 165, 166;                            ;                   ;     ; 36, 25;
152;   138, 151, 153;                                 ;                   ;     ; 40, 28;
153;   139, 152, 154, 166, 167;     124, 154, 180, 184; 111, 140, 163, 185;     ; 42, 25;  Victoria Station North
154;   139, 140, 153, 155;               140, 153, 156;                   ;     ; 51, 27;
155;   154, 156, 167, 168;                            ;                   ;     ; 55, 23;  Westminster Abbey
156;   140, 155, 157, 169;          140, 154, 157, 184;                   ;     ; 61, 23;  Lambeth Bridge West
157;   156, 158, 170;               133, 142, 156, 185;                   ; 194, 115 ; 66, 23;  Lambeth Palace
158;   141, 142, 157, 171;                            ;                   ;          ; 75, 26;  Imperial War Museum West
159;   142, 143, 160, 172, 188; 135, 142, 161, 187, 199;      89, 140, 185;     ; 87, 24;
160;   143, 159, 161, 173;                            ;                   ;     ; 93, 23;
161;   135, 160, 174;               107, 135, 159, 199;                   ;     ;100, 24;
162;   136, 175;                                      ;                   ;     ;111, 24;
163;   146, 177;                         144, 176, 191;           111, 153;     ; 13, 20;
164;   147, 148, 178, 179;                            ;                   ;     ; 19, 20;
165;   149, 151, 179, 180;               123, 180, 191;                   ;     ; 30, 19;
166;   151, 153, 181, 183;                            ;                   ;     ; 40, 21;  Victoria Station South
167;   153, 155, 168, 183;                            ;                   ;     ; 49, 20;  Westminster Cathedral
168;   155, 167, 184;                                 ;                   ;     ; 52, 17;
169;   156, 184;                                      ;                   ;     ; 61, 19;  Tate Gallery
170;   157, 171, 185;                                 ;                   ;     ; 65, 18;
171;   158, 170, 172, 186, 198;                       ;                   ;     ; 76, 14;
172;   159, 171, 187;                                 ;                   ;     ; 83, 18;
173;   160, 174, 188, 200;                            ;                   ;     ; 95, 15;
174;   161, 173, 175;                                 ;                   ;     ;105, 17;  Goods Station
175;   162, 174, 200;                                 ;                   ;     ;111, 14;
176;   177, 189;                              163, 190;                   ;     ;  2, 15;
177;   144, 163, 176;                                 ;                   ;     ;  7, 16;
178;   164, 189, 191;                                 ;                   ;     ; 16, 17;
179;   164, 165, 191;                                 ;                   ;     ; 25, 16;
180;   165, 181, 193;               153, 165, 184, 192;                   ;     ; 31, 14;  Chelsea Royal Hospital North
181;   166, 180, 182, 193;                            ;                   ;     ; 37, 16;
182;   181, 183, 195;                                 ;                   ;     ; 41, 15;
183;   166, 167, 182, 196;                            ;                   ;     ; 47, 18;
184;   168, 169, 185, 196, 197;     153, 156, 180, 185;                   ;     ; 56, 14;  Vauxhall Bridge West
185;   170, 184, 186;               157, 184, 187, 199;           153, 159;     ; 63,  9;  Vauxhall Park
186;   171, 185, 198;                                 ;                   ;     ; 71, 11;
187;   172, 188, 198;                    159, 185, 199;                   ;     ; 81, 13;  Kennington Park
188;   159, 173, 187, 199;                            ;                   ;     ; 91, 13;
189;   176, 178, 190;                                 ;                   ;     ;  7,  8;
190;   189, 191, 192;                    176, 180, 191;                   ;     ; 13,  6;
191;   178, 179, 190, 192;               163, 165, 190;                   ;     ; 19, 11;
192;   190, 191;                                      ;                   ;     ; 20,  4;  Albert Bridge
193;   180, 181, 194;                                 ;                   ;     ; 35, 10;  Chelsea Royal Hospital East
194;   192, 193, 195;                                 ;                   ; 157 ; 37,  7;  Chelsea Bridge
195;   182, 194, 197;                                 ;                   ;     ; 42,  8;
196;   183, 184, 197;                                 ;                   ;     ; 49, 12;
197;   184, 195, 196;                                 ;                   ;     ; 50,  7;
198;   171, 186, 187;                                 ;                   ;     ; 75,  4;  The Oval Cricket Ground
199;   188, 200;                    159, 161, 185, 187;                   ;     ; 92,  4;
200;   173, 175, 199;                                 ;                   ;     ; 99,  5;

